100059 100079 150 153
100139 100159 145 158
100143 100163 158 149
100223 100243 153 154
100303 100323 148 159
100387 100407 156 155
100551 100571 159 156
10064 10084 113 111
100959 100979 160 163
101004 101024 138 54
101123 101143 163 164
101207 101227 171 160
101218 101238 67 83
101287 101307 166 165
101367 101387 161 170
101371 101391 174 161
10144 10164 108 116
101451 101471 169 166
101531 101551 164 171
101535 101555 177 162
101554 101574 92 162
101615 101635 172 167
101695 101715 167 172
101775 101795 162 177
101779 101799 175 168
101859 101879 170 173
101939 101959 165 178
101943 101963 178 169
102023 102043 173 174
102103 102123 168 179
102187 102207 176 175
10228 10248 116 112
102351 102371 179 176
10278 10298 115 1
10308 10328 111 117
10392 10412 119 113
104599 104619 161 90
10472 10492 114 118
105178 105198 87 103
10636 10656 117 119
1064 1084 13 11
10828 10848 69 109
109138 109158 107 123
10964 10984 123 121
11128 11148 126 122
11208 11228 121 127
11292 11312 129 123
113098 113118 127 143
11372 11392 124 128
1144 1164 8 16
11456 11476 132 124
11536 11556 127 129
11616 11636 122 134
11620 11640 135 125
117058 117078 147 163
11780 11800 125 135
11784 11804 138 126
11864 11884 133 131
11944 11964 128 136
12028 12048 136 132
12108 12128 131 137
12192 12212 139 133
12272 12292 134 138
1228 1248 16 12
12436 12456 137 139
12764 12784 143 141
12928 12948 146 142
13008 13028 141 147
1308 1328 11 17
13092 13112 149 143
13172 13192 144 148
13256 13276 152 144
13336 13356 147 149
13416 13436 142 154
13420 13440 155 145
13580 13600 145 155
13584 13604 158 146
13664 13684 153 151
13744 13764 148 156
13820 13840 60 80
13828 13848 156 152
13873 13893 138 37
13908 13928 151 157
1392 1412 19 13
13992 14012 159 153
14072 14092 154 158
14236 14256 157 159
14423 14443 92 145
14564 14584 163 161
1472 1492 14 18
14728 14748 166 162
14808 14828 161 167
14892 14912 169 163
14972 14992 164 168
15056 15076 172 164
15136 15156 167 169
15216 15236 162 174
15220 15240 175 165
15380 15400 165 175
15384 15404 178 166
15464 15484 173 171
15544 15564 168 176
15628 15648 176 172
15708 15728 171 177
15792 15812 179 173
15872 15892 174 178
16036 16056 177 179
1636 1656 17 19
164 184 3 1
172874 172894 2 0
173038 173058 5 1
173118 173138 0 6
173202 173222 8 2
173282 173302 3 7
173366 173386 11 3
173446 173466 6 8
173526 173546 1 13
173530 173550 14 4
173690 173710 4 14
173694 173714 17 5
173774 173794 12 10
173854 173874 7 15
173938 173958 15 11
174018 174038 10 16
174102 174122 18 12
174182 174202 13 17
174305 174325 0 35
174346 174366 16 18
174674 174694 22 20
17468 17488 161 73
174838 174858 25 21
174918 174938 20 26
175002 175022 28 22
175082 175102 23 27
175166 175186 31 23
175246 175266 26 28
175326 175346 21 33
175330 175350 34 24
175490 175510 24 34
175494 175514 37 25
175574 175594 32 30
175654 175674 27 35
175738 175758 35 31
175818 175838 30 36
175902 175922 38 32
175982 176002 33 37
176146 176166 36 38
176474 176494 42 40
176638 176658 45 41
176718 176738 40 46
176736 176756 14 26
176802 176822 48 42
176882 176902 43 47
176966 176986 51 43
177046 177066 46 48
177126 177146 41 53
177130 177150 54 44
177290 177310 44 54
177294 177314 57 45
177374 177394 52 50
177454 177474 47 55
177538 177558 55 51
177618 177638 50 56
177702 177722 58 52
177782 177802 53 57
17780 17800 80 100
177900 177920 23 71
177946 177966 56 58
178274 178294 62 60
178438 178458 65 61
178518 178538 60 66
178602 178622 68 62
178682 178702 63 67
178766 178786 71 63
178846 178866 66 68
178926 178946 61 73
178930 178950 74 64
179090 179110 64 74
179094 179114 77 65
179174 179194 72 70
179254 179274 67 75
179338 179358 75 71
179418 179438 70 76
179502 179522 78 72
179582 179602 73 77
179746 179766 76 78
180074 180094 82 80
180238 180258 85 81
180318 180338 80 86
180402 180422 88 82
180482 180502 83 87
180566 180586 91 83
180646 180666 86 88
180696 180716 34 46
180726 180746 81 93
180730 180750 94 84
180890 180910 84 94
180894 180914 97 85
180974 180994 92 90
181054 181074 87 95
181138 181158 95 91
181218 181238 90 96
181302 181322 98 92
181382 181402 93 97
181495 181515 46 107
181546 181566 96 98
181874 181894 102 100
182038 182058 105 101
182118 182138 100 106
182202 182222 108 102
182282 182302 103 107
182366 182386 111 103
182446 182466 106 108
182526 182546 101 113
182530 182550 114 104
182690 182710 104 114
182694 182714 117 105
182774 182794 112 110
182854 182874 107 115
182938 182958 115 111
183018 183038 110 116
183102 183122 118 112
183182 183202 113 117
183346 183366 116 118
183674 183694 122 120
183838 183858 125 121
183918 183938 120 126
184002 184022 128 122
184082 184102 123 127
184166 184186 131 123
184246 184266 126 128
184326 184346 121 133
184330 184350 134 124
184490 184510 124 134
184494 184514 137 125
184540 184560 115 35
184574 184594 132 130
184654 184674 127 135
184656 184676 54 66
184738 184758 135 131
184818 184838 130 136
184902 184922 138 132
184982 185002 133 137
185090 185110 69 143
185146 185166 136 138
185474 185494 142 140
185638 185658 145 141
185718 185738 140 146
185802 185822 148 142
185882 185902 143 147
185966 185986 151 143
186046 186066 146 148
186126 186146 141 153
186130 186150 154 144
186290 186310 144 154
186294 186314 157 145
186374 186394 152 150
186454 186474 147 155
186538 186558 155 151
186618 186638 150 156
186702 186722 158 152
186782 186802 153 157
186946 186966 156 158
187274 187294 162 160
187438 187458 165 161
187518 187538 160 166
187602 187622 168 162
187682 187702 163 167
187766 187786 171 163
187846 187866 166 168
187926 187946 161 173
187930 187950 174 164
188090 188110 164 174
188094 188114 177 165
188135 188155 138 71
188174 188194 172 170
188254 188274 167 175
188338 188358 175 171
188418 188438 170 176
188502 188522 178 172
188582 188602 173 177
188616 188636 74 86
188685 188705 92 179
188746 188766 176 178
191730 191750 161 107
192576 192596 94 106
1940 1960 0 20
1964 1984 23 21
196536 196556 114 126
200496 200516 134 146
204456 204476 154 166
2128 2148 26 22
21740 21760 100 120
2208 2228 21 27
2292 2312 29 23
2372 2392 24 28
2456 2476 32 24
2536 2556 27 29
25700 25720 120 140
259433 259453 2 3
259597 259617 5 4
259677 259697 0 9
259681 259701 13 0
259761 259781 8 5
259841 259861 3 10
259845 259865 16 1
259925 259945 11 6
260005 260025 6 11
260009 260029 19 2
260085 260105 1 16
260089 260109 14 7
260169 260189 9 12
260249 260269 4 17
260253 260273 17 8
260333 260353 12 13
260413 260433 7 18
260497 260517 15 14
260577 260597 10 19
260661 260681 18 15
261233 261253 22 23
261397 261417 25 24
261436 261456 0 52
261477 261497 20 29
261481 261501 33 20
261561 261581 28 25
2616 2636 22 34
261641 261661 23 30
261645 261665 36 21
261725 261745 31 26
261805 261825 26 31
261809 261829 39 22
261885 261905 21 36
261889 261909 34 27
261969 261989 29 32
2620 2640 35 25
262049 262069 24 37
262053 262073 37 28
262114 262134 1 29
262133 262153 32 33
262213 262233 27 38
262297 262317 35 34
262377 262397 30 39
262461 262481 38 35
263033 263053 42 43
263197 263217 45 44
263277 263297 40 49
263281 263301 53 40
263361 263381 48 45
263441 263461 43 50
263445 263465 56 41
263525 263545 51 46
263605 263625 46 51
263609 263629 59 42
263685 263705 41 56
263689 263709 54 47
263769 263789 49 52
263849 263869 44 57
263853 263873 57 48
263933 263953 52 53
264013 264033 47 58
264097 264117 55 54
264177 264197 50 59
264261 264281 58 55
264833 264853 62 63
264997 265017 65 64
265031 265051 23 88
265077 265097 60 69
265081 265101 73 60
265161 265181 68 65
265241 265261 63 70
265245 265265 76 61
265325 265345 71 66
265405 265425 66 71
265409 265429 79 62
265485 265505 61 76
265489 265509 74 67
265569 265589 69 72
265649 265669 64 77
265653 265673 77 68
265733 265753 72 73
265813 265833 67 78
265897 265917 75 74
265977 265997 70 79
266061 266081 78 75
266074 266094 21 49
266633 266653 82 83
266797 266817 85 84
266877 266897 80 89
266881 266901 93 80
266961 266981 88 85
267041 267061 83 90
267045 267065 96 81
267125 267145 91 86
267205 267225 86 91
267209 267229 99 82
267285 267305 81 96
267289 267309 94 87
267369 267389 89 92
267449 267469 84 97
267453 267473 97 88
267533 267553 92 93
267613 267633 87 98
267697 267717 95 94
267777 267797 90 99
267861 267881 98 95
268076 268096 92 16
268433 268453 102 103
268597 268617 105 104
268626 268646 46 124
268677 268697 100 109
268681 268701 113 100
268761 268781 108 105
268841 268861 103 110
268845 268865 116 101
268925 268945 111 106
269005 269025 106 111
269009 269029 119 102
269085 269105 101 116
269089 269109 114 107
269169 269189 109 112
269249 269269 104 117
269253 269273 117 108
269333 269353 112 113
269413 269433 107 118
269497 269517 115 114
269577 269597 110 119
269661 269681 118 115
270034 270054 41 69
270233 270253 122 123
270397 270417 125 124
270477 270497 120 129
270481 270501 133 120
270561 270581 128 125
270641 270661 123 130
270645 270665 136 121
270725 270745 131 126
270805 270825 126 131
270809 270829 139 122
270885 270905 121 136
270889 270909 134 127
270969 270989 129 132
271049 271069 124 137
271053 271073 137 128
271133 271153 132 133
271213 271233 127 138
271297 271317 135 134
271377 271397 130 139
271461 271481 138 135
271671 271691 115 52
272033 272053 142 143
272197 272217 145 144
272221 272241 69 160
272277 272297 140 149
272281 272301 153 140
272361 272381 148 145
272441 272461 143 150
272445 272465 156 141
272525 272545 151 146
272605 272625 146 151
272609 272629 159 142
272685 272705 141 156
272689 272709 154 147
272769 272789 149 152
272849 272869 144 157
272853 272873 157 148
272933 272953 152 153
273013 273033 147 158
273097 273117 155 154
273177 273197 150 159
273261 273281 158 155
273833 273853 162 163
273994 274014 61 89
273997 274017 165 164
274077 274097 160 169
274081 274101 173 160
274161 274181 168 165
274241 274261 163 170
274245 274265 176 161
274325 274345 171 166
274405 274425 166 171
274409 274429 179 162
274485 274505 161 176
274489 274509 174 167
274569 274589 169 172
274649 274669 164 177
274653 274673 177 168
274733 274753 172 173
274813 274833 167 178
274897 274917 175 174
274977 274997 170 179
275061 275081 178 175
275266 275286 138 88
277954 277974 81 109
2780 2800 25 35
2784 2804 38 26
278861 278881 161 124
281914 281934 101 129
285874 285894 121 149
2864 2884 33 31
289834 289854 141 169
2944 2964 28 36
29660 29680 140 160
3028 3048 36 32
3108 3128 31 37
3192 3212 39 33
3272 3292 34 38
328 348 6 2
3436 3456 37 39
345748 345768 4 0
345912 345932 7 1
345992 346012 2 6
346076 346096 10 2
346156 346176 5 7
346236 346256 0 12
346240 346260 13 3
346400 346420 3 13
346404 346424 16 4
346484 346504 11 9
346564 346584 6 14
346568 346588 19 5
346644 346664 1 19
346648 346668 14 10
346728 346748 9 15
346812 346832 17 11
346892 346912 12 16
347056 347076 15 17
347548 347568 24 20
347712 347732 27 21
347792 347812 22 26
347876 347896 30 22
347956 347976 25 27
348036 348056 20 32
348040 348060 33 23
348200 348220 23 33
348204 348224 36 24
348284 348304 31 29
348364 348384 26 34
348368 348388 39 25
348444 348464 21 39
348448 348468 34 30
348528 348548 29 35
348567 348587 0 69
348612 348632 37 31
348692 348712 32 36
348856 348876 35 37
349348 349368 44 40
349512 349532 47 41
349512 349532 8 32
349592 349612 42 46
349676 349696 50 42
349756 349776 45 47
349836 349856 40 52
349840 349860 53 43
350000 350020 43 53
350004 350024 56 44
350084 350104 51 49
350164 350184 46 54
350168 350188 59 45
350244 350264 41 59
350248 350268 54 50
350328 350348 49 55
350412 350432 57 51
350492 350512 52 56
350656 350676 55 57
351148 351168 64 60
351312 351332 67 61
351392 351412 62 66
351476 351496 70 62
351556 351576 65 67
351636 351656 60 72
351640 351660 73 63
351800 351820 63 73
351804 351824 76 64
351884 351904 71 69
351964 351984 66 74
351968 351988 79 65
352044 352064 61 79
352048 352068 74 70
352128 352148 69 75
352162 352182 23 105
352212 352232 77 71
352292 352312 72 76
352456 352476 75 77
352948 352968 84 80
353112 353132 87 81
353192 353212 82 86
353276 353296 90 82
353356 353376 85 87
353436 353456 80 92
353440 353460 93 83
353472 353492 28 52
353600 353620 83 93
353604 353624 96 84
353684 353704 91 89
353764 353784 86 94
353768 353788 99 85
353844 353864 81 99
353848 353868 94 90
353928 353948 89 95
354012 354032 97 91
354092 354112 92 96
354256 354276 95 97
354748 354768 104 100
354912 354932 107 101
354992 355012 102 106
355076 355096 110 102
355156 355176 105 107
355207 355227 92 33
355236 355256 100 112
355240 355260 113 103
355400 355420 103 113
355404 355424 116 104
355484 355504 111 109
355564 355584 106 114
355568 355588 119 105
355644 355664 101 119
355648 355668 114 110
355728 355748 109 115
355757 355777 46 141
355812 355832 117 111
355892 355912 112 116
356056 356076 115 117
356548 356568 124 120
356712 356732 127 121
356792 356812 122 126
356876 356896 130 122
356956 356976 125 127
357036 357056 120 132
357040 357060 133 123
357200 357220 123 133
357204 357224 136 124
357284 357304 131 129
357364 357384 126 134
357368 357388 139 125
357432 357452 48 72
357444 357464 121 139
357448 357468 134 130
357528 357548 129 135
357612 357632 137 131
357692 357712 132 136
357856 357876 135 137
358348 358368 144 140
358512 358532 147 141
358592 358612 142 146
358676 358696 150 142
358756 358776 145 147
358802 358822 115 69
358836 358856 140 152
358840 358860 153 143
359000 359020 143 153
359004 359024 156 144
359084 359104 151 149
359164 359184 146 154
359168 359188 159 145
359244 359264 141 159
359248 359268 154 150
359328 359348 149 155
359352 359372 69 177
359412 359432 157 151
359492 359512 152 156
359656 359676 155 157
360148 360168 164 160
360312 360332 167 161
360392 360412 162 166
360476 360496 170 162
360556 360576 165 167
360636 360656 160 172
360640 360660 173 163
360800 360820 163 173
360804 360824 176 164
360884 360904 171 169
360964 360984 166 174
360968 360988 179 165
361044 361064 161 179
361048 361068 174 170
361128 361148 169 175
361212 361232 177 171
361292 361312 172 176
361392 361412 68 92
361456 361476 175 177
362397 362417 138 105
3638 3658 23 37
365352 365372 88 112
365992 366012 161 141
369312 369332 108 132
373272 373292 128 152
3764 3784 43 41
377232 377252 148 172
3928 3948 46 42
4008 4028 41 47
408 428 1 7
4092 4112 49 43
4172 4192 44 48
4256 4276 52 44
43 63 0 1
4336 4356 47 49
4416 4436 42 54
4420 4440 55 45
4580 4600 45 55
4584 4604 58 46
4664 4684 53 51
4744 4764 48 56
4828 4848 56 52
4908 4928 51 57
492 512 9 3
4992 5012 59 53
5072 5092 54 58
5236 5256 57 59
5564 5584 63 61
572 592 4 8
5728 5748 66 62
5808 5828 61 67
5892 5912 69 63
5900 5920 20 40
5972 5992 64 68
6056 6076 72 64
6136 6156 67 69
6216 6236 62 74
6220 6240 75 65
6380 6400 65 75
6384 6404 78 66
6464 6484 73 71
6544 6564 68 76
656 676 12 4
6628 6648 76 72
6708 6728 71 77
6792 6812 79 73
6872 6892 74 78
7036 7056 77 79
7233 7253 46 73
736 756 7 9
7364 7384 83 81
7528 7548 86 82
7608 7628 81 87
7692 7712 89 83
7772 7792 84 88
7856 7876 92 84
7936 7956 87 89
8016 8036 82 94
8020 8040 95 85
816 836 2 14
8180 8200 85 95
8184 8204 98 86
820 840 15 5
8264 8284 93 91
8344 8364 88 96
8428 8448 96 92
8508 8528 91 97
8592 8612 99 93
86559 86579 0 3
8672 8692 94 98
86723 86743 3 4
86807 86827 11 0
86887 86907 6 5
86967 86987 1 10
86971 86991 14 1
87051 87071 9 6
87131 87151 4 11
87135 87155 17 2
87174 87194 0 18
87215 87235 12 7
87295 87315 7 12
87375 87395 2 17
87379 87399 15 8
87459 87479 10 13
87539 87559 5 18
87543 87563 18 9
87623 87643 13 14
87703 87723 8 19
87787 87807 16 15
87951 87971 19 16
88359 88379 20 23
8836 8856 97 99
88523 88543 23 24
88607 88627 31 20
88687 88707 26 25
88767 88787 21 30
88771 88791 34 21
88851 88871 29 26
88931 88951 24 31
88935 88955 37 22
89015 89035 32 27
89095 89115 27 32
89175 89195 22 37
89179 89199 35 28
89259 89279 30 33
89338 89358 7 23
89339 89359 25 38
89343 89363 38 29
89423 89443 33 34
89503 89523 28 39
89587 89607 36 35
89751 89771 39 36
90159 90179 40 43
90323 90343 43 44
90407 90427 51 40
90487 90507 46 45
90567 90587 41 50
90571 90591 54 41
90651 90671 49 46
90731 90751 44 51
90735 90755 57 42
90769 90789 23 54
90815 90835 52 47
90895 90915 47 52
90975 90995 42 57
90979 90999 55 48
91059 91079 50 53
91139 91159 45 58
91143 91163 58 49
91223 91243 53 54
91303 91323 48 59
91387 91407 56 55
91551 91571 59 56
9164 9184 103 101
91959 91979 60 63
92123 92143 63 64
92207 92227 71 60
92287 92307 66 65
92367 92387 61 70
92371 92391 74 61
92451 92471 69 66
92531 92551 64 71
92535 92555 77 62
92615 92635 72 67
92695 92715 67 72
92775 92795 62 77
92779 92799 75 68
92859 92879 70 73
92939 92959 65 78
92943 92963 78 69
93023 93043 73 74
93103 93123 68 79
93187 93207 76 75
9328 9348 106 102
93298 93318 27 43
93351 93371 79 76
93759 93779 80 83
93923 93943 83 84
94007 94027 91 80
9408 9428 101 107
94087 94107 86 85
94167 94187 81 90
94171 94191 94 81
94251 94271 89 86
94331 94351 84 91
94335 94355 97 82
94364 94384 46 90
94415 94435 92 87
94495 94515 87 92
94575 94595 82 97
94579 94599 95 88
94659 94679 90 93
94739 94759 85 98
94743 94763 98 89
94823 94843 93 94
94903 94923 88 99
9492 9512 109 103
94987 95007 96 95
95151 95171 99 96
95559 95579 100 103
9572 9592 104 108
95723 95743 103 104
95807 95827 111 100
95887 95907 106 105
95967 95987 101 110
95971 95991 114 101
96051 96071 109 106
96131 96151 104 111
96135 96155 117 102
96215 96235 112 107
96295 96315 107 112
96375 96395 102 117
96379 96399 115 108
96459 96479 110 113
96539 96559 105 118
96543 96563 118 109
9656 9676 112 104
96623 96643 113 114
96703 96723 108 119
96787 96807 116 115
96951 96971 119 116
97258 97278 47 63
97359 97379 120 123
9736 9756 107 109
97409 97429 115 18
97523 97543 123 124
97607 97627 131 120
97687 97707 126 125
97767 97787 121 130
97771 97791 134 121
97851 97871 129 126
97931 97951 124 131
97935 97955 137 122
97959 97979 69 126
980 1000 5 15
98015 98035 132 127
98095 98115 127 132
9816 9836 102 114
98175 98195 122 137
98179 98199 135 128
9820 9840 115 105
98259 98279 130 133
98339 98359 125 138
98343 98363 138 129
984 1004 18 6
98423 98443 133 134
98503 98523 128 139
98587 98607 136 135
9860 9880 40 60
98751 98771 139 136
99159 99179 140 143
99323 99343 143 144
99407 99427 151 140
99487 99507 146 145
99567 99587 141 150
99571 99591 154 141
99651 99671 149 146
99731 99751 144 151
99735 99755 157 142
9980 10000 105 115
99815 99835 152 147
9984 10004 118 106
99895 99915 147 152
99975 99995 142 157
99979 99999 155 148
